site	WCN	RSA	conservation	if_loop	if_helix	if_strand	if_interface
3	1.7782289334251613	94.17040358744394	0.032789780816700004	1	0	0	0
4	2.171660855412298	26.42592592592593	0.8855980383509999	1	0	0	0
5	2.199160560679896	49.43502824858758	0.21192166300700002	0	0	1	0
6	2.2408864312272807	12.72609819121447	0.556965096999	0	0	1	0
7	2.220242111984874	51.28524046434494	0.20981466162999998	0	0	1	0
8	2.311773290418676	6.082375478927204	0.47326818748899996	0	0	1	0
9	2.2072313343655456	51.553672316384194	0.256234314368	1	0	0	0
10	2.3390569141383826	18.643552311435524	0.973308872298	1	0	0	1
11	2.216341695817331	58.58714043993233	0.245118654331	0	0	1	1
12	2.3356486659585647	9.593023255813952	0.984419996601	1	0	0	1
13	2.3099317815157967	59.2094017094017	0.39635642894	1	0	0	1
14	2.5086592712704925	14.181614349775783	0.979141263417	1	0	0	1
15	2.55515286466432	1.6957364341085268	0.8442309549160001	0	0	1	1
16	2.3783050881145624	39.23022598870056	0.315655763062	0	0	1	0
17	2.516834710846682	0.5076142131979695	0.790007137915	0	0	1	0
18	2.393968429212166	6.4444444444444455	0.159571037389	0	0	1	0
19	2.5456261947358656	0.0	0.596311574597	0	0	1	0
20	2.412471456149233	6.395348837209302	0.270745874052	0	0	1	0
21	2.537598269504437	0.08460236886632824	0.594256348732	0	0	1	0
22	2.444082007960456	2.2849462365591395	0.427781065875	0	0	1	0
23	2.504855135487417	7.172470978441128	0.778954958296	1	0	0	0
24	2.250311295875069	34.480932203389834	0.8165785511220001	1	0	0	0
25	2.351341589508559	7.772435897435898	0.74907819744	1	0	0	0
26	2.0462202888371075	27.04326923076923	0.7571688937809999	0	0	1	0
27	1.9403224798981584	62.814465408805034	0.0294147494129	1	0	0	0
28	2.0002051664104616	18.926202321724702	0.0982517306978	1	0	0	0
29	1.842574384151096	64.59948320413436	0.054255611170199995	1	0	0	0
30	1.8475112987780784	20.748730964467004	0.052181346252699996	1	0	0	0
31	1.5831042225521423	51.88714499252615	0.0420279335428	1	0	0	0
32	1.6380357947408937	33.091517857142854	0.0577074910415	1	0	0	0
33	1.8633454497427735	26.155913978494617	0.048698444887100005	1	0	0	0
34	1.9176911536654788	20.219966159052454	0.038787139880900004	1	0	0	0
35	1.886827774392495	27.48263888888889	0.0903820401302	1	0	0	0
36	1.6404773118884692	74.34486373165619	0.042396936261900005	1	0	0	0
37	1.497371260189193	48.24364723467862	0.0500651499043	1	0	0	0
38	1.5991776752771976	45.83333333333334	0.0532921019232	1	0	0	0
44	2.47687485366631	48.83720930232558	0.12032256357999999	1	0	0	1
45	2.3434089947896246	30.02615844544096	0.0704751463721	0	0	1	0
46	2.3339494675880763	11.111111111111109	0.130144994742	0	0	1	1
47	2.1269811862616	57.299741602067186	0.04951900916069999	0	0	1	0
48	2.0204471346185637	38.37209302325581	0.093974761373	1	0	0	1
49	1.8542244986660803	48.16666666666666	0.041238023303099995	1	0	0	0
50	2.064469716347319	20.725806451612907	0.0791828973867	1	0	0	1
51	2.3470951506724838	5.722222222222222	0.240007186712	0	0	1	1
52	2.344042756032506	20.80938697318008	0.20164479026299997	0	0	1	0
53	2.5572430612638555	0.6768189509306259	0.14806635298100002	0	0	1	0
54	2.4494724927705884	29.316239316239308	0.237142604276	0	0	1	0
55	2.6135807275504948	0.8620689655172413	0.534673310244	0	0	1	0
56	2.4625876787749053	36.25372023809523	0.297153182243	0	0	1	0
57	2.6385056761297028	6.274224806201548	0.878560502348	1	0	0	0
58	2.5283409326344413	23.55769230769231	0.80820300701	1	0	0	0
59	2.768911197590392	3.214890016920473	0.602555252442	1	0	0	0
60	2.7853843439747163	4.246794871794872	0.614845120835	0	1	0	1
61	2.973496313736133	0.06944444444444442	0.944613069179	0	1	0	1
62	2.9752542222728	0.4560530679933665	0.61589321835	0	1	0	0
63	2.8628338107288296	7.232297063903282	0.787108913547	0	1	0	0
64	2.9101979773356734	2.1391369047619047	0.9687176345	0	1	0	1
65	3.036582930672372	0.0	0.912861042155	0	1	0	0
66	2.942040419265924	0.0	0.843967733088	0	1	0	0
67	2.877282296146168	1.2276785714285714	0.377080293825	0	1	0	1
68	2.9700889268961284	0.0	0.506405572527	0	1	0	1
69	3.0400246926528465	0.24875621890547264	0.546354750712	0	1	0	0
70	2.8772153520033275	0.5813953488372093	0.558950722515	0	1	0	0
71	2.7877550910322992	4.2372881355932215	0.437941927725	0	1	0	1
72	2.8679193207633435	8.054315476190476	0.913930922147	1	0	0	1
73	2.850107782532413	2.338709677419355	0.657929316105	1	0	0	0
74	2.5939301476142123	17.94871794871795	0.368805334353	1	0	0	0
75	2.68470514368173	2.1198830409356733	0.46496579659299997	1	0	0	0
76	2.5734896634277318	0.0	0.572768370465	0	0	1	0
77	2.62415094459734	0.0	0.721588982453	0	0	1	0
78	2.488522075444312	9.369712351945852	0.203540416305	0	0	1	0
79	2.6093308548043304	0.0	0.604786862645	0	0	1	0
80	2.461675282396756	6.782511210762332	0.231351619158	0	0	1	0
81	2.571074804714645	2.569860279441118	0.548491464805	0	0	1	0
82	2.359928983280641	36.63282571912013	0.265739228667	0	0	1	0
83	2.561479378875378	22.75641025641026	0.939525185126	0	0	1	0
84	2.5096565986358006	25.949913644214174	0.962993643353	1	0	0	1
85	2.568869734903708	42.12271973466004	0.546706762529	1	0	0	0
86	2.5114423875706593	50.688244047619044	0.394786422664	1	0	0	1
87	2.7995126647479984	8.967851099830797	0.7042893069410001	1	0	0	1
88	2.9180951368966834	3.864421416234888	0.846118974955	1	0	0	1
89	2.9175314684770925	5.742659758203801	0.349943329062	1	0	0	0
90	2.9866702049168254	0.6510416666666666	0.972345237199	1	0	0	1
91	2.861058175427369	4.706101190476191	1.0	0	1	0	1
92	2.8683956259192027	0.43604651162790703	0.7425723586190001	0	1	0	0
93	2.9948361722983017	0.0	0.48484925318800004	0	1	0	0
94	3.005912184403972	9.099402092675637	0.983744517797	0	1	0	1
95	2.8481668213717435	3.195164075993092	0.978983907165	0	1	0	1
96	2.877439414465554	0.0249500998003992	0.526346492484	0	1	0	0
97	3.0261973246945195	0.0	0.639522448878	0	1	0	0
98	2.915957152776805	11.844331641285956	0.7616071530940001	0	1	0	1
99	2.7505773121276365	0.0	0.529316061563	0	1	0	0
100	2.85082171826776	0.0	0.782424204699	0	1	0	0
101	2.9614720327070008	0.0	0.974673941288	0	1	0	0
102	2.696873147322453	30.01851851851852	0.330928623714	0	1	0	0
103	2.6468549346278665	0.0	0.7772400725920001	0	1	0	0
104	2.713722685010377	0.5729166666666666	0.569838560744	0	1	0	0
105	2.632344081697732	36.47598870056497	0.244324433895	0	1	0	0
106	2.3571066068779682	52.05530642750373	0.367281045912	0	1	0	0
107	2.426518381478461	5.200258397932816	0.872441117571	0	1	0	0
108	2.3703042343878464	10.82089552238806	0.7713193524959999	1	0	0	0
109	2.176201550378886	65.5448717948718	0.7879008247370001	1	0	0	0
110	2.151223847161631	55.458656330749356	0.5036888117670001	1	0	0	0
111	2.434625097180055	5.747126436781608	0.544773800021	1	0	0	0
112	2.391911913301269	53.208637469586364	0.310332226795	1	0	0	0
113	2.3827361006542693	13.661858974358973	0.80753892779	1	0	0	0
114	2.6112435640563016	11.135057471264368	0.73822801671	1	0	0	0
115	2.757681641129175	29.961158192090398	0.238429725013	1	0	0	1
116	2.8912125331211533	0.7603406326034062	0.9687176345	1	0	0	1
117	3.066229751559792	4.722222222222222	0.678758637368	1	0	0	1
118	3.1744688274001973	0.0	0.852166234671	0	0	1	0
119	3.2282942767609626	18.575268817204304	0.204403793553	0	0	1	1
120	3.2636842824320023	0.8413461538461539	0.409266326011	0	0	1	0
121	3.276951096906945	2.6041666666666665	0.19398143540100002	0	0	1	1
122	3.267124945755544	0.0	0.470382332353	0	0	1	1
123	3.2629491884189776	0.0	0.926851929479	0	0	1	1
124	3.162387268937549	3.5240464344941955	0.759959397301	0	0	1	1
125	3.1070581581640138	0.4749568221070811	0.936474674387	1	0	0	1
126	3.144403497720971	13.490284005979072	0.850076589155	1	0	0	1
127	3.2941954904552744	0.0	0.598182277698	0	0	1	0
128	3.296019989543682	0.953565505804312	0.822463701636	0	0	1	1
129	3.3543360737528505	0.0	0.493509717962	0	0	1	0
130	3.310736190634358	6.949513381995135	0.262549831182	0	0	1	1
131	3.3400900747109614	0.9043927648578812	0.567219224302	0	0	1	0
132	3.296643646155732	1.9157088122605364	0.5232027923	0	0	1	1
133	3.21375365081666	0.0957854406130268	0.606545576303	0	0	1	0
134	3.1112265209697303	0.0	0.973098883593	1	0	0	1
135	2.9209879315149223	3.1509121061359866	0.536810145914	1	0	0	0
136	2.862948762337919	0.0	0.7762637709929999	1	0	0	1
137	2.7382392568015135	34.55128205128205	0.703194514463	1	0	0	0
138	2.8820019829139487	10.736009732360099	0.9802846059200001	1	0	0	1
139	3.0773117976973414	8.988469601677147	0.7203614533470001	1	0	0	1
140	3.1448143727732467	20.84917617237009	0.44492748202200005	0	0	1	1
141	3.191199122149033	25.16149870801034	0.459482803517	0	0	1	0
142	3.1469815840563338	11.47030651340996	0.42461194619599996	0	0	1	1
143	3.1827372889154333	9.363026819923373	0.285556332403	0	0	1	0
144	3.09173507252465	47.701793721973104	0.343021179423	0	0	1	1
145	3.158899773056291	6.923714759535653	0.313631662691	1	0	0	0
146	3.0125175598167253	38.141025641025635	0.235018102577	1	0	0	0
147	3.0672717034478034	15.485074626865673	0.442032902829	1	0	0	0
148	2.9557289038719907	81.16666666666667	0.23035350519099998	1	0	0	0
149	3.046064884897245	7.6034063260340625	0.26296901791	1	0	0	1
150	3.0489941011999666	15.171898355754859	0.292759566274	1	0	0	1
151	3.0792286726172913	24.329096045197733	0.30804824033100003	1	0	0	1
152	3.0577613562957118	1.2212643678160922	0.595330159787	1	0	0	1
153	2.951869618162265	18.790064102564106	0.799792056649	1	0	0	1
154	2.8755212403070867	38.277202072538856	0.269928337394	1	0	0	1
155	3.040545882695264	0.6426202321724711	0.474123665081	1	0	0	0
156	3.0963721505137958	1.1021505376344083	0.401123525755	1	0	0	1
157	3.1528218611719505	3.992015968063873	0.499658191964	1	0	0	1
158	3.1164877530375645	14.032137518684607	0.511461830157	1	0	0	1
159	3.1534155053101083	0.14880952380952378	0.5938689413	0	1	0	1
160	3.1569635209155287	0.5076142131979695	0.34715402784000005	0	1	0	0
161	3.1763095423493204	12.473794549266243	0.24549935358000002	0	1	0	1
162	3.160500130939456	1.860119047619048	0.725621672621	0	1	0	1
163	3.156213691672704	0.17361111111111113	0.629752522191	0	1	0	0
164	3.174471166089505	0.12437810945273632	0.670179699673	0	1	0	0
165	3.1743701783273655	12.014200298953664	0.312268834405	0	1	0	1
166	3.109881319557408	0.0	0.583183849401	0	1	0	1
167	3.1277393999845984	0.06944444444444442	0.638939231452	0	1	0	0
168	3.1569092053889465	0.0	0.538484252115	0	1	0	0
169	3.058797819949138	8.875186846038865	0.159308158067	0	1	0	1
170	2.885113541401267	8.688630490956074	0.33120860357299997	0	1	0	0
171	2.9228494547154784	3.870967741935484	0.5977526283169999	0	1	0	0
172	2.9233809626212715	19.92092457420925	0.375859797206	1	0	0	0
173	3.0926136233617485	1.1421319796954317	0.38693887092699997	1	0	0	0
174	3.205564843344685	0.0	0.631227284428	0	0	1	1
175	3.255014623781463	0.0	0.76584648847	0	0	1	0
176	3.2634542629188537	0.78125	0.8624548807629999	0	0	1	1
177	3.2898487625010406	0.0	0.559279528374	0	0	1	0
178	3.2217461483645304	14.982728842832472	0.231495728972	0	0	1	1
179	3.2541993724723683	5.439121756487026	0.247407584028	0	0	1	0
180	3.0971844575794285	23.030679933665013	0.335666608838	0	0	1	1
181	3.0796647451305965	18.065693430656935	0.355435822128	0	0	1	1
182	3.157476747102629	14.903846153846152	0.918141197359	1	0	0	0
183	3.0255949327997382	56.39124293785311	0.208906937716	1	0	0	1
184	3.1221619611769658	2.5	0.8198400879819999	1	0	0	1
185	3.1738192802835385	4.2746113989637315	0.268471361166	0	1	0	1
186	3.1122025417164982	0.4650297619047619	0.9687176345	0	1	0	1
187	3.1905167061457513	1.5811011904761902	1.0	0	1	0	1
188	3.28089382481436	13.001824817518248	0.385092576166	0	1	0	0
189	3.2167502331916378	0.0	0.434663977957	0	1	0	0
190	3.1678478905152403	4.8953662182361715	1.0	0	1	0	1
191	3.2955281425257823	0.0	0.618473366909	0	1	0	0
192	3.308048700539066	0.0	0.29365205812600004	0	1	0	0
193	3.205586992461112	0.5034722222222222	0.8443960380869999	0	1	0	0
194	3.193741847126153	3.1956214689265536	0.993456420623	0	1	0	1
195	3.338132484939852	0.0	0.781038764112	0	1	0	0
196	3.233406638581167	0.0	0.5609863381369999	0	1	0	0
197	3.1239040425314375	0.0	0.7629441562289999	0	1	0	0
198	3.107294711727965	18.989463601532567	0.57508659205	0	1	0	1
199	3.2359006256625937	0.0	0.8137549050849999	0	1	0	0
200	3.0040360410484053	1.6497461928934007	0.663568280913	0	1	0	0
201	2.8454904925211335	34.83880778588807	0.58639730358	0	1	0	1
202	2.9020149991670903	26.08370702541106	0.269195977794	0	1	0	1
203	2.9958050710275224	0.06459948320413436	0.956410901999	0	1	0	0
204	2.6924151219268238	16.13372093023256	0.401709304682	1	0	0	0
205	2.5312722578225095	14.112903225806454	0.300711523786	1	0	0	0
206	2.2656384096994877	81.02725366876311	0.453552710338	1	0	0	0
207	2.401775411126893	19.123931623931615	0.130733848648	1	0	0	1
208	2.1231718753583393	34.89583333333332	0.0738328642811	1	0	0	0
209	2.0188893347160217	65.91569767441861	0.169866306726	1	0	0	1
210	2.058885389331913	55.235042735042725	0.47475502931599994	1	0	0	0
211	2.252222847228788	9.132124352331607	0.138449492113	1	0	0	1
212	2.428246939412226	19.061302681992334	0.472599265254	1	0	0	1
213	2.617805109676063	5.476939203354298	0.630626590914	1	0	0	1
214	2.6727890658295634	3.333333333333334	0.8814075971549999	1	0	0	1
215	2.64904813609056	11.094961240310075	0.748957710819	1	0	0	1
216	2.5589477623268415	13.347457627118645	0.932305716026	1	0	0	1
217	2.401055798053359	19.190705128205124	0.850514503458	1	0	0	1
218	2.374905785710714	40.493295019157095	0.34301578296999996	1	0	0	1
219	2.4517135120030416	15.298507462686567	0.748786133734	1	0	0	0
