ASA	position	aa	RAS	S.D.
210.0	3	E 	94.17040358744394	0.011729955902522394
59.45833333333334	4	Q 	26.42592592592593	0.025346441672547123
116.66666666666669	5	K 	49.43502824858758	0.02308359097326539
16.416666666666668	6	A 	12.72609819121447	0.02162238636553782
103.08333333333331	7	L 	51.28524046434494	0.011022446741070946
10.583333333333334	8	V 	6.082375478927204	0.02120002980322022
121.66666666666669	9	K 	51.553672316384194	0.016090890073319007
51.08333333333334	10	R 	18.643552311435524	0.021083543510564566
115.41666666666669	11	I 	58.58714043993233	0.01617347143243053
16.5	12	T 	9.593023255813952	0.015855125201132733
115.45833333333331	13	N 	59.2094017094017	0.02412649578208271
31.625	14	E 	14.181614349775783	0.022672842409920055
2.9166666666666665	15	T 	1.6957364341085268	0.014531911655967913
92.58333333333331	16	K 	39.23022598870056	0.04507983253577938
1.0	17	I 	0.5076142131979695	0.01983862642964017
14.5	18	Q 	6.4444444444444455	0.027126528272136217
0.0	19	I 	0.0	0.015608211553647605
8.25	20	A 	6.395348837209302	0.03473751167399582
0.16666666666666666	21	I 	0.08460236886632824	0.028389170680917942
3.5416666666666665	22	S 	2.2849462365591395	0.016229294112253233
14.416666666666664	23	L 	7.172470978441128	0.03928442544635376
81.375	24	K 	34.480932203389834	0.018530020005760834
8.083333333333334	25	G 	7.772435897435898	0.013220856562139706
28.125	26	G 	27.04326923076923	0.018611809476122915
99.875	27	P 	62.814465408805034	0.028339490423455144
38.04166666666666	28	L 	18.926202321724702	0.043132473045808105
83.33333333333333	29	A 	64.59948320413436	0.025259461702562047
40.875	30	I 	20.748730964467004	0.02528714648804952
115.70833333333331	31	E 	51.88714499252615	0.019102310907264344
74.125	32	H 	33.091517857142854	0.0167964791275969
40.54166666666666	33	S 	26.155913978494617	0.019740390688308594
39.833333333333336	34	I 	20.219966159052454	0.02701328194024335
65.95833333333333	35	F 	27.48263888888889	0.01720469652887106
118.20833333333331	36	P 	74.34486373165619	0.018392462687647167
107.58333333333331	37	E 	48.24364723467862	0.01686383506625872
108.16666666666669	38	K 	45.83333333333334	0.03618300219499202
63.0	44	A 	48.83720930232558	0.03413556814618018
66.95833333333333	45	E 	30.02615844544096	0.014531953607707109
25.0	46	Q 	11.111111111111107	0.040282318491015816
73.91666666666667	47	A 	57.299741602067186	0.045913178651774925
66.0	48	T 	38.37209302325581	0.027976717177660215
108.375	49	Q 	48.16666666666666	0.033810220519791864
32.125	50	S 	20.725806451612907	0.030245214393437213
12.875	51	Q 	5.722222222222222	0.028418185910123534
36.208333333333336	52	V 	20.80938697318008	0.014783798125341197
1.3333333333333333	53	I 	0.6768189509306259	0.025148076128949193
57.16666666666666	54	N 	29.316239316239308	0.035653716740613364
1.5	55	V 	0.8620689655172413	0.019431661372649952
81.20833333333333	56	H 	36.25372023809523	0.013657045093197649
10.791666666666664	57	T 	6.274224806201548	0.020801561444768316
24.5	58	G 	23.55769230769231	0.045712806214585774
6.333333333333332	59	I 	3.214890016920473	0.018631384096862488
4.416666666666667	60	G 	4.246794871794872	0.02101851730153285
0.16666666666666666	61	F 	0.06944444444444442	0.02190588812495868
0.9166666666666666	62	L 	0.4560530679933665	0.017840350035133727
13.958333333333336	63	D 	7.232297063903282	0.015281633070313196
4.791666666666667	64	H 	2.1391369047619047	0.013492561656128287
0.0	65	M 	0.0	0.015351500862109298
0.0	66	I 	0.0	0.06328530061971
2.75	67	H 	1.2276785714285714	0.06962282489451761
0.0	68	A 	0.0	0.02364429474968225
0.5	69	L 	0.24875621890547264	0.03883446419688476
0.75	70	A 	0.5813953488372093	0.062485853949123406
10.0	71	K 	4.2372881355932215	0.013402135024539824
18.041666666666668	72	H 	8.054315476190476	0.0403068011221845
3.625	73	S 	2.338709677419355	0.03835629896478087
18.666666666666668	74	G 	17.94871794871795	0.10280058085124691
6.041666666666668	75	W 	2.1198830409356733	0.02043889604121114
0.0	76	S 	0.0	0.02559965323664681
0.0	77	L 	0.0	0.021274083374052934
18.45833333333333	78	I 	9.369712351945852	0.02332168681355874
0.0	79	V 	0.0	0.01693973012975266
15.125	80	E 	6.782511210762332	0.015082664367509803
4.291666666666667	81	C 	2.569860279441118	0.014270881706090179
72.16666666666667	82	I 	36.63282571912013	0.057645265060987494
23.66666666666667	83	G 	22.75641025641026	0.034143287266757895
50.08333333333334	84	D 	25.949913644214174	0.017351672896019948
84.66666666666667	85	L 	42.12271973466004	0.021715080863677044
113.54166666666669	86	H 	50.68824404761904	0.018762098439154225
17.666666666666668	87	I 	8.967851099830797	0.024668357333268567
7.458333333333332	88	D 	3.864421416234888	0.020820991256217572
11.083333333333336	89	D 	5.742659758203801	0.04634582897379626
1.4583333333333333	90	H 	0.6510416666666666	0.016435361211260432
10.541666666666666	91	H 	4.706101190476192	0.03452281109336172
0.75	92	T 	0.43604651162790703	0.017704233341489704
0.0	93	T 	0.0	0.029434409894202037
20.291666666666668	94	E 	9.099402092675637	0.01602050656258241
6.166666666666668	95	D 	3.195164075993092	0.02784504539487417
0.041666666666666664	96	C 	0.0249500998003992	0.017771140771861132
0.0	97	G 	0.0	0.013004041795249152
23.33333333333333	98	I 	11.844331641285956	0.01537110907449917
0.0	99	A 	0.0	0.0319594492221802
0.0	100	L 	0.0	0.014630654480844184
0.0	101	G 	0.0	0.06136679816283921
67.54166666666667	102	Q 	30.01851851851852	0.02094049561410249
0.0	103	A 	0.0	0.019492789648426982
1.375	104	F 	0.5729166666666666	0.02140332699005631
86.08333333333331	105	K 	36.47598870056497	0.012914826264624785
116.08333333333331	106	E 	52.05530642750373	0.015785465744491405
6.708333333333332	107	A 	5.200258397932816	0.029101265470423042
21.75	108	L 	10.82089552238806	0.024714955959518548
68.16666666666667	109	G 	65.5448717948718	0.023971170318763772
71.54166666666667	110	A 	55.458656330749356	0.034081659803578676
10.0	111	V 	5.747126436781608	0.021546360217235452
145.79166666666666	112	R 	53.208637469586364	0.024391576341133873
14.208333333333336	113	G 	13.661858974358973	0.036296655283618855
19.375	114	V 	11.135057471264368	0.020145143067371963
70.70833333333333	115	K 	29.961158192090398	0.03976501785178942
2.083333333333333	116	R 	0.7603406326034062	0.029140418495952072
11.333333333333336	117	F 	4.722222222222221	0.04758365052286318
0.0	118	G 	0.0	0.033242912876068814
28.79166666666667	119	S 	18.575268817204304	0.021241606355108935
0.875	120	G 	0.8413461538461539	0.013339913579723814
6.25	121	F 	2.6041666666666665	0.015932575159340656
0.0	122	A 	0.0	0.02303141680299986
0.0	123	P 	0.0	0.0153945361493758
7.083333333333332	124	L 	3.5240464344941955	0.024532630443906252
0.9166666666666666	125	D 	0.4749568221070811	0.02420436775927634
30.08333333333333	126	E 	13.490284005979072	0.04293459210032542
0.0	127	A 	0.0	0.02507926435510977
1.9166666666666667	128	L 	0.953565505804312	0.020729688184904442
0.0	129	S 	0.0	0.043616425758091604
19.041666666666668	130	R 	6.949513381995135	0.01895453302879163
1.1666666666666667	131	A 	0.9043927648578812	0.018467681643626388
3.333333333333333	132	V 	1.9157088122605364	0.03461094830115701
0.16666666666666666	133	V 	0.0957854406130268	0.014757955058890677
0.0	134	D 	0.0	0.03032261762844475
6.333333333333332	135	L 	3.1509121061359866	0.03059397487794022
0.0	136	S 	0.0	0.03813614185995865
67.375	137	N 	34.55128205128205	0.014242717454956847
29.41666666666667	138	R 	10.736009732360099	0.024198344684332986
14.291666666666664	139	P 	8.988469601677147	0.04002635041511593
54.83333333333334	140	Y 	20.84917617237009	0.017491832569698353
32.458333333333336	141	A 	25.16149870801034	0.027938719948985193
19.95833333333333	142	V 	11.47030651340996	0.02279859433252611
16.291666666666668	143	V 	9.363026819923373	0.026710927721503554
106.375	144	E 	47.701793721973104	0.01699014003622366
13.916666666666664	145	L 	6.9237147595356525	0.030631695224310515
39.66666666666666	146	G 	38.141025641025635	0.02454631942688494
31.125	147	L 	15.485074626865673	0.03039022421649933
182.625	148	Q 	81.16666666666667	0.01204751385376639
20.83333333333333	149	R 	7.6034063260340625	0.027027844221310344
33.833333333333336	150	E 	15.171898355754859	0.02656797303620481
57.41666666666666	151	K 	24.32909604519773	0.015817479709563653
2.125	152	V 	1.2212643678160922	0.016448357672926777
19.541666666666668	153	G 	18.790064102564106	0.026186359262266482
73.875	154	D 	38.277202072538856	0.021565426476368284
1.2916666666666667	155	L 	0.6426202321724711	0.020053088817597847
1.7083333333333333	156	S 	1.1021505376344083	0.01816603500381584
6.666666666666668	157	C 	3.992015968063873	0.019010038465527047
31.29166666666667	158	E 	14.032137518684607	0.024441438873059905
0.3333333333333333	159	M 	0.14880952380952378	0.024762571204137003
1.0	160	I 	0.5076142131979695	0.02349097569541896
19.83333333333333	161	P 	12.473794549266243	0.016796939553538965
4.166666666666667	162	H 	1.860119047619048	0.03921986559549791
0.4166666666666667	163	F 	0.17361111111111113	0.015497207175567185
0.25	164	L 	0.12437810945273632	0.020231040610830475
26.79166666666667	165	E 	12.014200298953664	0.01422857885812657
0.0	166	S 	0.0	0.046989555761214614
0.16666666666666666	167	F 	0.06944444444444442	0.033657263424312696
0.0	168	A 	0.0	0.02125859464429329
19.791666666666668	169	E 	8.875186846038865	0.01812940272775413
11.208333333333336	170	A 	8.688630490956074	0.03572826576877987
6.0	171	S 	3.870967741935484	0.0199220591835201
54.58333333333334	172	R 	19.92092457420925	0.05894016030625924
2.25	173	I 	1.1421319796954317	0.010034920649503402
0.0	174	T 	0.0	0.022333208953564276
0.0	175	L 	0.0	0.03103006605472556
1.75	176	H 	0.78125	0.0207637703427492
0.0	177	V 	0.0	0.023199069319172122
28.91666666666667	178	D 	14.982728842832472	0.029924359539505
9.083333333333334	179	C 	5.439121756487026	0.04418384226280608
46.29166666666666	180	L 	23.030679933665013	0.019226850869048726
49.5	181	R 	18.065693430656935	0.15467606302794978
15.5	182	G 	14.903846153846152	0.017131366389700184
133.08333333333334	183	K 	56.39124293785311	0.07891320157852087
4.875	184	N 	2.5	0.017196993538904668
8.25	185	D 	4.274611398963732	0.02836467011541191
1.0416666666666667	186	H 	0.4650297619047619	0.016637791588766195
3.5416666666666665	187	H 	1.5811011904761902	0.017821134253110424
35.625	188	R 	13.001824817518248	0.027980001628060674
0.0	189	S 	0.0	0.017693255349800173
10.916666666666664	190	E 	4.8953662182361715	0.02699364702271835
0.0	191	S 	0.0	0.014062418884539154
0.0	192	A 	0.0	0.016325358133880107
1.2083333333333333	193	F 	0.5034722222222222	0.022093520569913372
7.541666666666668	194	K 	3.1956214689265536	0.025314926552330093
0.0	195	A 	0.0	0.029865900552604897
0.0	196	L 	0.0	0.03334267995741303
0.0	197	A 	0.0	0.025498434089275004
33.041666666666664	198	V 	18.989463601532567	0.02081118935540171
0.0	199	A 	0.0	0.017064715943096463
3.25	200	I 	1.6497461928934007	0.033167588834313075
95.45833333333331	201	R 	34.83880778588807	0.027636576875744105
58.16666666666666	202	E 	26.08370702541106	0.015413505059249023
0.08333333333333333	203	A 	0.06459948320413436	0.02081209068690911
27.75	204	T 	16.13372093023256	0.017096326268318963
21.875	205	S 	14.112903225806456	0.07054000475557301
128.83333333333334	206	P 	81.02725366876311	0.019913501811553103
37.29166666666666	207	N 	19.123931623931615	0.012478128521572946
36.29166666666666	208	G 	34.89583333333332	0.031412032356492654
113.375	209	T 	65.91569767441861	0.026838605484323867
107.70833333333331	210	N 	55.235042735042725	0.023910636858138372
17.625	211	D 	9.132124352331607	0.027274495561889923
33.166666666666664	212	V 	19.061302681992334	0.041298955987846775
8.708333333333334	213	P 	5.476939203354298	0.0361204310093176
5.166666666666667	214	S 	3.333333333333334	0.022111120863737163
19.08333333333333	215	T 	11.094961240310075	0.011403438598767664
31.5	216	K 	13.347457627118645	0.020734171033137353
19.95833333333333	217	G 	19.190705128205124	0.018637550258521006
70.45833333333333	218	V 	40.493295019157095	0.020249933674869734
30.75	219	L 	15.298507462686567	0.023295896482282842
