site	#unfitGenotypes	rescuability_mean	rescuability_std
6	0	0.0	
7	115	0.006295449286283093	0.012487967107121148
8	83	0.004680057610650357	0.007350330568941369
9	95	0.005955213901240476	0.012972144037456185
10	0	0.0	
11	66	0.008163722470155994	0.015431264972119366
12	0	0.0	
13	23	0.027384404308135008	0.023609139145593927
13	0	0.0	
14	0	0.0	
14	0	0.0	
15	0	0.0	
15	0	0.0	
16	29	0.019229598051496603	0.03005952134185763
16	0	0.0	
17	0	0.0	
17	0	0.0	
18	21	0.03217194620386073	0.038392780509694746
18	0	0.0	
19	0	0.0	
19	73	0.005555243039579613	0.012457731134633157
20	0	0.0	
20	60	0.00525417707664705	0.010709576573247198
21	0	0.0	
21	99	0.004458240217776375	0.009870837132657491
22	0	0.0	
22	71	0.0033704217407360803	0.007233451591072823
23	0	0.0	
23	49	0.0052834187308448835	0.009404992452997276
24	0	0.0	
24	170	0.00542791562835093	0.01107605649306307
25	19	0.016455024206599868	0.02574629822057737
26	21	0.019453791091354415	0.024132742697907775
27	19	0.029007002149701405	0.033016857409683874
28	28	0.01739135037358037	0.025026256036151443
29	59	0.023057738328914702	0.0284046728758643
30	260	0.004209599265753976	0.011458900377768356
31	289	0.00457478814801371	0.012226272109506553
32	268	0.005211138004791917	0.011668048203107085
33	185	0.0043985587443553	0.010012164284059492
34	275	0.002796756317876801	0.007833858014172987
35	119	0.009411054808764753	0.019043107905339127
36	0	0.0	
37	0	0.0	
38	0	0.0	
39	0	0.0	
40	0	0.0	
41	0	0.0	
42	267	0.005000930212845421	0.013055098632536958
43	204	0.0036188947289021054	0.012381962124513519
44	2	0.025808935243858334	0.007150176906808333
45	271	0.00501318746242331	0.013719164861531215
46	44	0.006089475725894994	0.011968428380659823
47	549	0.004821163097841597	0.011757794318747593
56	20	0.00918430415754046	0.013545173534684228
57	0	0.0	
58	0	0.0	
59	20	0.003898997902233205	0.007585463811578577
60	25	0.012308176638127968	0.015435197676507877
61	0	0.0	
62	40	0.0077797748386618	0.012305901036612998
63	0	0.0	
64	0	0.0	
65	0	0.0	
66	18	0.005945375532044089	0.009964786524157965
66	0	0.0	
67	20	0.004632843235160172	0.009513517828750942
67	0	0.0	
68	0	0.0	
68	0	0.0	
69	0	0.0	
69	0	0.0	
70	0	0.0	
70	0	0.0	
71	0	0.0	
71	0	0.0	
72	0	0.0	
72	0	0.0	
73	16	0.005169270686580534	0.007107343444942561
73	0	0.0	
74	0	0.0	
74	0	0.0	
75	0	0.0	
75	0	0.0	
76	0	0.0	
76	37	0.006876173799874405	0.00980408948988654
77	0	0.0	
77	11	0.012395162696997843	0.013459648296751418
78	0	0.0	
78	25	0.00863115504318293	0.015295940735332253
79	0	0.0	
79	35	0.009492204944366249	0.011657075817067626
80	0	0.0	
80	28	0.011949717596911363	0.014579044363604032
81	0	0.0	
81	30	0.010379520119833155	0.016670720764154552
82	0	0.0	
82	16	0.006202405024268531	0.01179630299985903
83	0	0.0	
83	1	0.0	0.0
84	0	0.0	
84	12	0.00607695412365044	0.011598269438885889
85	0	0.0	
85	64	0.007903079279275126	0.012129312036301382
86	26	0.0036988605246819233	0.005439828976721068
87	15	0.0024393031459605005	0.005084422085210475
88	0	0.0	
89	0	0.0	
90	1	0.0	0.0
91	3	0.0008007871318787501	0.0011324840224767809
92	15	0.005012388095674595	0.01030305973453894
93	28	0.0036941466544426877	0.008350460224466366
94	25	0.004065118996334849	0.008725194129482477
95	45	0.003971610383419258	0.007513218640285509
96	100	0.00284645546978735	0.007598556300197927
97	64	0.0018131895045666846	0.0051174776799811595
98	91	0.0025400390905558788	0.00775504414180114
99	73	0.003733719471557373	0.008928977922386413
100	0	0.0	
101	0	0.0	
102	60	0.0027510105306311266	0.006442351032108293
103	0	0.0	
104	16	0.00011636596449259868	0.0004506834425451983
105	100	0.0032369669440486045	0.007812631217880294
106	783	0.004782735516618449	0.007969327891010833
106	0	0.0	
107	0	0.0	
107	0	0.0	
108	631	0.004365360040948075	0.007957423061855056
108	0	0.0	
109	0	0.0	
109	0	0.0	
110	966	0.0048536308660800725	0.008086490733550705
110	0	0.0	
111	812	0.0049659439763636674	0.008339843798669805
111	0	0.0	
112	810	0.004729742060877867	0.008181671856082076
112	0	0.0	
113	0	0.0	
113	0	0.0	
114	799	0.004626725674052501	0.008073964119391307
114	0	0.0	
115	619	0.005097388560502575	0.00878363602614705
115	0	0.0	
116	0	0.0	
116	0	0.0	
117	0	0.0	
117	44	0.0028895324906384415	0.007115272282520625
118	0	0.0	
118	0	0.0	
119	0	0.0	
119	49	0.004029715101584228	0.009898774938548766
120	0	0.0	
120	51	0.003386492263046816	0.00898833830939276
121	0	0.0	
121	34	0.002115332080528225	0.005968982872399458
122	0	0.0	
122	39	0.00011384762934820512	0.0007018039205588972
123	0	0.0	
123	4	0.0	0.0
124	0	0.0	
124	11	0.0024344005289443234	0.005959292331896464
125	0	0.0	
125	135	0.0029285473616377173	0.007415198239474887
126	1	0.0	0.0
127	0	0.0	
128	0	0.0	
129	1	0.01567034765330769	0.0
130	2	0.01025694448671445	0.005413403166593239
131	636	0.004568567276449955	0.008220140982481618
132	10	0.0025971081237034163	0.004809895315234394
133	61	0.002352815314910598	0.00513116308117938
134	165	0.0041292946823273	0.007206876964175255
135	1346	0.004690618964741672	0.007755385013295923
136	0	0.0	
137	420	0.0022437490846550674	0.005120130297771885
138	0	0.0	
139	281	0.002475891642176277	0.00536533024256737
140	240	0.0030527692134608648	0.006642769325966016
141	593	0.002198368164438025	0.005007682750517863
142	457	0.0024187661858709256	0.005756128444055472
143	682	0.0023243880444267797	0.005495064776019201
144	902	0.002399826898080969	0.005516594535248013
145	0	0.0	
145	88	0.0031664985137596466	0.007947542535119428
146	0	0.0	
146	0	0.0	
147	0	0.0	
147	361	0.0027363228815402516	0.006175322281957214
148	0	0.0	
148	279	0.0028687085123520425	0.00764697589852554
149	0	0.0	
149	0	0.0	
150	0	0.0	
150	0	0.0	
151	0	0.0	
151	178	0.0029358981178426963	0.005999247307752538
152	0	0.0	
152	270	0.002037457286057738	0.005263101129349036
153	0	0.0	
153	0	0.0	
154	0	0.0	
154	432	0.002626248077671131	0.006202720858894259
155	0	0.0	
155	0	0.0	
156	2	0.0	0.0
156	0	0.0	
157	491	0.0027932403432490327	0.006613363172551248
157	0	0.0	
158	14	0.0033937931122728824	0.006647522761965809
158	0	0.0	
159	77	0.0018874354251261951	0.004663779742254957
159	0	0.0	
160	544	0.002155030346794021	0.005700747360491677
160	0	0.0	
161	628	0.0019807343791963267	0.0048784780204402575
161	0	0.0	
162	305	0.0024465848011342105	0.005706775119016828
162	0	0.0	
163	1076	0.0023711218572393836	0.005352402178634129
163	0	0.0	
164	59	0.0016395219232318338	0.0062127759334237725
165	297	0.0033447755358129464	0.008101445514715639
166	42	0.004299340449612847	0.007643817331988292
167	76	0.004082314038475525	0.008141970669643945
168	276	0.002925904066447118	0.006912128164752002
169	188	0.0023627182326453728	0.005687876735311324
170	539	0.0029661027336262877	0.006837201370237133
171	1	0.0	0.0
172	1	0.0	0.0
173	0	0.0	
174	0	0.0	
175	0	0.0	
176	0	0.0	
177	1	0.0	0.0
178	1	0.0	0.0
179	0	0.0	
180	0	0.0	
181	0	0.0	
181	336	0.002369418281478556	0.007087920280000372
182	0	0.0	
182	0	0.0	
183	0	0.0	
183	499	0.0023871986868371263	0.006491013272058303
184	0	0.0	
184	0	0.0	
185	0	0.0	
185	0	0.0	
186	0	0.0	
186	0	0.0	
187	0	0.0	
187	0	0.0	
188	0	0.0	
188	0	0.0	
189	0	0.0	
189	138	0.0024358713701152323	0.007424179912129679
190	0	0.0	
190	0	0.0	
191	0	0.0	
191	0	0.0	
192	0	0.0	
192	0	0.0	
193	0	0.0	
193	0	0.0	
194	0	0.0	
194	0	0.0	
195	1	0.0	0.0
195	0	0.0	
196	0	0.0	
196	0	0.0	
197	0	0.0	
197	0	0.0	
198	0	0.0	
198	0	0.0	
199	0	0.0	
199	0	0.0	
200	1	0.0	0.0
200	0	0.0	
201	197	0.0026471506122192883	0.007560810300311092
202	168	0.0027932244658197317	0.007580498489758469
203	235	0.0011258716115516063	0.003904068332335073
204	283	0.0019652335883537484	0.005733366638890118
205	138	0.0025449254258465585	0.008483401429787343
206	450	0.0023460121850586674	0.0073299580434075555
207	279	0.0029138763848200484	0.00786275955990087
208	288	0.0023156934732274145	0.0074825143659706436
209	417	0.002136303319999028	0.006520715380758949
210	432	0.0022169112788514704	0.0067262515316811695
211	589	0.0024091499379818404	0.006947576568984958
