site	#unfitGenotypes	rescuability_mean	rescuability_std	WCN	RSA	conservation	if_interface	ss
6	0	0.0		2.2408864312272807	12.72609819121447	0.556965096999	0	strand
7	1885	0.0014437952680790042	0.012163894103868507	2.220242111984874	51.28524046434494	0.20981466163	0	strand
8	1357	0.003506415290031624	0.024647564277072192	2.311773290418676	6.082375478927204	0.473268187489	0	strand
9	1694	0.0031023236100686667	0.02464601191753679	2.2072313343655456	51.553672316384194	0.256234314368	0	loop
10	0	0.0		2.3390569141383826	18.643552311435524	0.973308872298	1	loop
11	1240	0.004160814017204253	0.02973904715295163	2.216341695817331	58.58714043993233	0.245118654331	1	strand
12	0	0.0		2.3356486659585647	9.593023255813952	0.984419996601	1	loop
13	2350	0.007539233903039694	0.0195675356575279	2.3099317815157967	59.2094017094017	0.39635642894	1	loop
13	0	0.0		2.3099317815157967	59.2094017094017	0.39635642894	1	loop
14	0	0.0		2.5086592712704925	14.181614349775783	0.979141263417	1	loop
14	0	0.0		2.5086592712704925	14.181614349775783	0.979141263417	1	loop
15	0	0.0		2.55515286466432	1.6957364341085268	0.8442309549160001	1	strand
15	0	0.0		2.55515286466432	1.6957364341085268	0.8442309549160001	1	strand
16	2402	0.00518894542368241	0.012772025990183303	2.3783050881145624	39.23022598870056	0.315655763062	0	strand
16	0	0.0		2.3783050881145624	39.23022598870056	0.315655763062	0	strand
17	0	0.0		2.5168347108466818	0.5076142131979695	0.790007137915	0	strand
17	0	0.0		2.5168347108466818	0.5076142131979695	0.790007137915	0	strand
18	2392	0.00697831041822171	0.020217447322630328	2.393968429212166	6.4444444444444455	0.159571037389	0	strand
18	0	0.0		2.393968429212166	6.4444444444444455	0.159571037389	0	strand
19	0	0.0		2.5456261947358656	0.0	0.596311574597	0	strand
19	2297	0.0005853955712851883	0.01145394782890176	2.5456261947358656	0.0	0.596311574597	0	strand
20	0	0.0		2.412471456149233	6.395348837209302	0.270745874052	0	strand
20	910	0.005408593800325046	0.029384445228570324	2.412471456149233	6.395348837209302	0.270745874052	0	strand
21	0	0.0		2.537598269504437	0.08460236886632824	0.594256348732	0	strand
21	1517	0.0011947783776112021	0.017165541888298476	2.537598269504437	0.08460236886632824	0.594256348732	0	strand
22	0	0.0		2.444082007960456	2.2849462365591395	0.427781065875	0	strand
22	1237	0.0042370121913003975	0.026299600575339286	2.444082007960456	2.2849462365591395	0.427781065875	0	strand
23	0	0.0		2.504855135487417	7.172470978441128	0.778954958296	0	loop
23	271	0.016012674175887358	0.054589902459893445	2.504855135487417	7.172470978441128	0.778954958296	0	loop
24	0	0.0		2.250311295875069	34.480932203389834	0.8165785511220001	0	loop
24	1773	0.003082737506374034	0.02248470793992764	2.250311295875069	34.480932203389834	0.8165785511220001	0	loop
25	4277	0.0031862827760546298	0.007648340158297681	2.351341589508559	7.772435897435898	0.74907819744	0	loop
26	2443	0.008477876172781462	0.020377028435726963	2.0462202888371075	27.04326923076923	0.7571688937809999	0	strand
27	3077	0.007024292142281921	0.018380443697209658	1.9403224798981584	62.814465408805034	0.0294147494129	0	loop
28	2074	0.004629833335613398	0.013512216421092342	2.0002051664104616	18.926202321724702	0.0982517306978	0	loop
29	2512	0.005204029352366454	0.01507446029034838	1.842574384151096	64.59948320413436	0.0542556111702	0	loop
30	6	0.929588623333223	0.07700906311885813	1.8475112987780784	20.748730964467004	0.0521813462527	0	loop
31	6	0.9316878657301313	0.07743051632586583	1.5831042225521423	51.88714499252615	0.0420279335428	0	loop
32	8	0.9092279044240533	0.08886325772123925	1.6380357947408937	33.091517857142854	0.0577074910415	0	loop
33	4	0.8959251537107917	0.08532757735601337	1.8633454497427733	26.155913978494617	0.048698444887100005	0	loop
34	6	0.9490318251612485	0.0787382967522877	1.9176911536654788	20.219966159052454	0.0387871398809	0	loop
35	3	0.9961613115792711	0.0023789806975320587	1.886827774392495	27.48263888888889	0.0903820401302	0	loop
36	0	0.0		1.6404773118884692	74.34486373165619	0.042396936261900005	0	loop
37	0	0.0		1.497371260189193	48.24364723467862	0.0500651499043	0	loop
38	0	0.0		1.5991776752771976	45.83333333333334	0.0532921019232	0	loop
44	0	0.0		2.47687485366631	48.83720930232558	0.12032256358	1	loop
45	7	0.8999570667139034	0.09345179027653412	2.3434089947896246	30.02615844544096	0.0704751463721	0	strand
46	0	0.0		2.3339494675880763	11.111111111111107	0.130144994742	1	strand
47	7	0.9103069663261758	0.09467089193155633	2.1269811862616	57.299741602067186	0.04951900916069999	0	strand
56	4860	0.0017069110401091757	0.006159447074430852	2.4625876787749053	36.25372023809523	0.297153182243	0	strand
57	0	0.0		2.6385056761297028	6.2742248062015475	0.878560502348	0	loop
58	0	0.0		2.5283409326344413	23.55769230769231	0.80820300701	0	loop
59	4731	0.0013377690568484376	0.006096479419262904	2.768911197590392	3.214890016920473	0.602555252442	0	loop
60	5095	0.0013552995146589102	0.005828284498308793	2.7853843439747163	4.246794871794872	0.614845120835	1	helix
61	0	0.0		2.9734963137361334	0.06944444444444442	0.944613069179	1	helix
62	8304	0.001425810478292543	0.005980543805351616	2.9752542222728	0.4560530679933665	0.61589321835	0	helix
63	0	0.0		2.8628338107288296	7.232297063903282	0.787108913547	0	helix
64	0	0.0		2.910197977335673	2.1391369047619047	0.9687176345	1	helix
65	0	0.0		3.036582930672372	0.0	0.912861042155	0	helix
66	2069	0.032328115078966574	0.0416997179112063	2.942040419265924	0.0	0.843967733088	0	helix
66	0	0.0		2.942040419265924	0.0	0.843967733088	0	helix
67	1788	0.022862803823864797	0.03961407340431055	2.877282296146168	1.2276785714285714	0.377080293825	1	helix
67	0	0.0		2.877282296146168	1.2276785714285714	0.377080293825	1	helix
68	0	0.0		2.9700889268961284	0.0	0.506405572527	1	helix
68	0	0.0		2.9700889268961284	0.0	0.506405572527	1	helix
69	0	0.0		3.0400246926528465	0.24875621890547264	0.546354750712	0	helix
69	0	0.0		3.0400246926528465	0.24875621890547264	0.546354750712	0	helix
70	0	0.0		2.8772153520033275	0.5813953488372093	0.558950722515	0	helix
70	0	0.0		2.8772153520033275	0.5813953488372093	0.558950722515	0	helix
71	0	0.0		2.7877550910322992	4.2372881355932215	0.437941927725	1	helix
71	0	0.0		2.7877550910322992	4.2372881355932215	0.437941927725	1	helix
72	0	0.0		2.8679193207633435	8.054315476190476	0.913930922147	1	loop
72	0	0.0		2.8679193207633435	8.054315476190476	0.913930922147	1	loop
73	1396	0.018025343104209942	0.03514617361894767	2.850107782532413	2.338709677419355	0.657929316105	0	loop
73	0	0.0		2.850107782532413	2.338709677419355	0.657929316105	0	loop
74	0	0.0		2.5939301476142123	17.94871794871795	0.368805334353	0	loop
74	0	0.0		2.5939301476142123	17.94871794871795	0.368805334353	0	loop
75	0	0.0		2.68470514368173	2.1198830409356733	0.464965796593	0	loop
75	0	0.0		2.68470514368173	2.1198830409356733	0.464965796593	0	loop
76	0	0.0		2.573489663427732	0.0	0.572768370465	0	strand
76	6548	0.00027147530427481235	0.0015112678952241092	2.573489663427732	0.0	0.572768370465	0	strand
77	0	0.0		2.62415094459734	0.0	0.721588982453	0	strand
77	3001	0.0005182499895585001	0.002613008985708315	2.62415094459734	0.0	0.721588982453	0	strand
78	0	0.0		2.4885220754443123	9.369712351945852	0.203540416305	0	strand
78	7807	0.0016702794014795941	0.006312442401120936	2.4885220754443123	9.369712351945852	0.203540416305	0	strand
79	0	0.0		2.6093308548043304	0.0	0.604786862645	0	strand
79	6136	0.00048149059305293976	0.0025087978088895444	2.6093308548043304	0.0	0.604786862645	0	strand
80	0	0.0		2.461675282396756	6.7825112107623315	0.231351619158	0	strand
80	5050	0.0021828712786668885	0.007505785407632473	2.461675282396756	6.7825112107623315	0.231351619158	0	strand
81	0	0.0		2.571074804714645	2.569860279441118	0.548491464805	0	strand
81	7064	0.0014448260421560187	0.006043111912817707	2.571074804714645	2.569860279441118	0.548491464805	0	strand
82	0	0.0		2.359928983280641	36.63282571912013	0.265739228667	0	strand
82	6144	0.001373290439292309	0.005850508419021194	2.359928983280641	36.63282571912013	0.265739228667	0	strand
83	0	0.0		2.561479378875378	22.75641025641026	0.939525185126	0	strand
83	0	0.0		2.561479378875378	22.75641025641026	0.939525185126	0	strand
84	0	0.0		2.5096565986358006	25.949913644214174	0.962993643353	1	loop
84	0	0.0		2.5096565986358006	25.949913644214174	0.962993643353	1	loop
85	0	0.0		2.568869734903708	42.12271973466004	0.546706762529	0	loop
85	2656	0.0013419013351496708	0.005194113077654937	2.568869734903708	42.12271973466004	0.546706762529	0	loop
86	1601	0.03496432737147259	0.04420526479305956	2.5114423875706597	50.68824404761904	0.394786422664	1	loop
87	804	0.027910518421789897	0.03699115256008386	2.7995126647479984	8.967851099830797	0.7042893069410001	1	loop
88	0	0.0		2.9180951368966834	3.8644214162348884	0.846118974955	1	loop
89	0	0.0		2.9175314684770925	5.742659758203801	0.349943329062	0	loop
90	0	0.0		2.986670204916825	0.6510416666666666	0.972345237199	1	loop
91	0	0.0		2.861058175427369	4.706101190476192	1.0	1	helix
92	1157	0.03333308872841869	0.04579291944472686	2.8683956259192027	0.43604651162790703	0.7425723586190001	0	helix
93	1465	0.017606043102494858	0.027614508119801623	2.9948361722983017	0.0	0.484849253188	0	helix
94	0	0.0		3.0059121844039716	9.099402092675637	0.983744517797	1	helix
95	0	0.0		2.8481668213717435	3.195164075993092	0.978983907165	1	helix
96	3315	0.03499416814649004	0.059883270762510654	2.8774394144655537	0.0249500998003992	0.526346492484	0	helix
97	1472	0.015074801172227283	0.042753489859795206	3.0261973246945195	0.0	0.639522448878	0	helix
98	2421	0.02733186544590874	0.05527795962936003	2.915957152776805	11.844331641285956	0.7616071530940001	1	helix
99	2983	0.03618633161204449	0.060915949298526124	2.7505773121276365	0.0	0.529316061563	0	helix
100	0	0.0		2.8508217182677598	0.0	0.782424204699	0	helix
101	0	0.0		2.9614720327070008	0.0	0.974673941288	0	helix
102	2374	0.032492392865148156	0.05891731599728548	2.6968731473224534	30.01851851851852	0.330928623714	0	helix
103	0	0.0		2.6468549346278665	0.0	0.7772400725920001	0	helix
104	1450	0.044428995716550616	0.05951008911048458	2.713722685010377	0.5729166666666666	0.569838560744	0	helix
105	3182	0.03397078009785837	0.05917510086234651	2.632344081697732	36.47598870056497	0.244324433895	0	helix
106	354	0.15301588271157668	0.09229221650484988	2.357106606877968	52.05530642750373	0.367281045912	0	helix
106	0	0.0		2.357106606877968	52.05530642750373	0.367281045912	0	helix
107	0	0.0		2.426518381478461	5.200258397932816	0.872441117571	0	helix
107	0	0.0		2.426518381478461	5.200258397932816	0.872441117571	0	helix
108	360	0.15108697706389126	0.09083397412477366	2.3703042343878464	10.82089552238806	0.7713193524959999	0	loop
108	0	0.0		2.3703042343878464	10.82089552238806	0.7713193524959999	0	loop
109	0	0.0		2.176201550378886	65.5448717948718	0.7879008247370001	0	loop
109	0	0.0		2.176201550378886	65.5448717948718	0.7879008247370001	0	loop
110	148	0.07538193404655635	0.07058754538810487	2.151223847161631	55.458656330749356	0.5036888117670001	0	loop
110	0	0.0		2.151223847161631	55.458656330749356	0.5036888117670001	0	loop
111	294	0.1477278897360903	0.08846881926179793	2.434625097180055	5.747126436781608	0.544773800021	0	loop
111	0	0.0		2.434625097180055	5.747126436781608	0.544773800021	0	loop
112	225	0.13709816271078695	0.08474626401942832	2.391911913301269	53.208637469586364	0.310332226795	0	loop
112	0	0.0		2.391911913301269	53.208637469586364	0.310332226795	0	loop
113	0	0.0		2.3827361006542693	13.661858974358973	0.80753892779	0	loop
113	0	0.0		2.3827361006542693	13.661858974358973	0.80753892779	0	loop
114	168	0.12520747647365352	0.08048871359718561	2.6112435640563016	11.135057471264368	0.73822801671	0	loop
114	0	0.0		2.6112435640563016	11.135057471264368	0.73822801671	0	loop
115	440	0.1369791944841674	0.08736905395893085	2.757681641129175	29.961158192090398	0.238429725013	1	loop
115	0	0.0		2.757681641129175	29.961158192090398	0.238429725013	1	loop
116	0	0.0		2.8912125331211533	0.7603406326034062	0.9687176345	1	loop
116	0	0.0		2.8912125331211533	0.7603406326034062	0.9687176345	1	loop
117	0	0.0		3.066229751559792	4.722222222222221	0.678758637368	1	loop
117	1386	0.04619237762560741	0.0727821059208458	3.066229751559792	4.722222222222221	0.678758637368	1	loop
118	0	0.0		3.1744688274001973	0.0	0.852166234671	0	strand
118	0	0.0		3.1744688274001973	0.0	0.852166234671	0	strand
119	0	0.0		3.2282942767609626	18.575268817204304	0.204403793553	1	strand
119	3151	0.01698842821690782	0.04567514168827847	3.2282942767609626	18.575268817204304	0.204403793553	1	strand
120	0	0.0		3.2636842824320023	0.8413461538461539	0.409266326011	0	strand
120	1233	0.02067877040308251	0.04776435738471501	3.2636842824320023	0.8413461538461539	0.409266326011	0	strand
121	0	0.0		3.276951096906945	2.6041666666666665	0.193981435401	1	strand
121	1186	0.03780027474335218	0.06635359617080361	3.276951096906945	2.6041666666666665	0.193981435401	1	strand
122	0	0.0		3.2671249457555436	0.0	0.470382332353	1	strand
122	1645	0.050382986166254154	0.0759883324395432	3.2671249457555436	0.0	0.470382332353	1	strand
123	0	0.0		3.2629491884189776	0.0	0.926851929479	1	strand
123	0	0.0		3.2629491884189776	0.0	0.926851929479	1	strand
124	0	0.0		3.162387268937549	3.5240464344941955	0.759959397301	1	strand
124	0	0.0		3.162387268937549	3.5240464344941955	0.759959397301	1	strand
125	0	0.0		3.1070581581640138	0.4749568221070811	0.936474674387	1	loop
125	0	0.0		3.1070581581640138	0.4749568221070811	0.936474674387	1	loop
126	0	0.0		3.144403497720971	13.490284005979072	0.850076589155	1	loop
127	0	0.0		3.2941954904552744	0.0	0.598182277698	0	strand
128	0	0.0		3.296019989543682	0.9535655058043121	0.822463701636	1	strand
129	0	0.0		3.3543360737528505	0.0	0.493509717962	0	strand
130	0	0.0		3.310736190634358	6.949513381995135	0.262549831182	1	strand
131	437	0.13452741429070544	0.08528666351155602	3.3400900747109614	0.9043927648578812	0.567219224302	0	strand
132	0	0.0		3.2966436461557316	1.9157088122605364	0.5232027923	1	strand
133	0	0.0		3.2137536508166598	0.0957854406130268	0.606545576303	0	strand
134	0	0.0		3.1112265209697303	0.0	0.973098883593	1	loop
135	387	0.13891779895717798	0.09069043002847249	2.9209879315149223	3.1509121061359866	0.536810145914	0	loop
136	0	0.0		2.862948762337919	0.0	0.7762637709929999	1	loop
137	2876	0.059428339941477455	0.07285104414313716	2.738239256801513	34.55128205128205	0.703194514463	0	loop
138	0	0.0		2.8820019829139487	10.736009732360099	0.98028460592	1	loop
139	2297	0.09372066786592585	0.07726794710941744	3.077311797697341	8.988469601677147	0.7203614533470001	1	loop
140	1862	0.09353987985600826	0.07805555579572464	3.1448143727732467	20.84917617237009	0.4449274820220001	1	strand
141	3633	0.07854710140641628	0.07896502697837435	3.191199122149033	25.16149870801034	0.459482803517	0	strand
142	2580	0.09655535697982869	0.07826792121066627	3.1469815840563338	11.47030651340996	0.424611946196	1	strand
143	5195	0.08223453796951177	0.07390911849803412	3.1827372889154333	9.363026819923373	0.285556332403	0	strand
144	4169	0.07015478531566004	0.06343424080936703	3.09173507252465	47.701793721973104	0.343021179423	1	strand
145	0	0.0		3.158899773056291	6.9237147595356525	0.313631662691	0	loop
145	623	0.09243675555361411	0.08075287823637464	3.158899773056291	6.9237147595356525	0.313631662691	0	loop
146	0	0.0		3.0125175598167253	38.141025641025635	0.235018102577	0	loop
146	0	0.0		3.0125175598167253	38.141025641025635	0.235018102577	0	loop
147	0	0.0		3.0672717034478034	15.485074626865673	0.442032902829	0	loop
147	920	0.07775669705917443	0.07258640016320088	3.0672717034478034	15.485074626865673	0.442032902829	0	loop
148	0	0.0		2.9557289038719907	81.16666666666667	0.230353505191	0	loop
148	962	0.09922043884937061	0.09074899452500411	2.9557289038719907	81.16666666666667	0.230353505191	0	loop
149	0	0.0		3.046064884897245	7.6034063260340625	0.26296901791	1	loop
149	0	0.0		3.046064884897245	7.6034063260340625	0.26296901791	1	loop
150	0	0.0		3.0489941011999666	15.171898355754859	0.292759566274	1	loop
150	0	0.0		3.0489941011999666	15.171898355754859	0.292759566274	1	loop
151	0	0.0		3.0792286726172917	24.32909604519773	0.30804824033100003	1	loop
151	545	0.08300812908279848	0.07165119111604865	3.0792286726172917	24.32909604519773	0.30804824033100003	1	loop
152	0	0.0		3.057761356295712	1.2212643678160922	0.595330159787	1	loop
152	665	0.10837927367726775	0.10170784109404246	3.057761356295712	1.2212643678160922	0.595330159787	1	loop
153	0	0.0		2.9518696181622652	18.790064102564106	0.799792056649	1	loop
153	0	0.0		2.9518696181622652	18.790064102564106	0.799792056649	1	loop
154	0	0.0		2.8755212403070867	38.277202072538856	0.269928337394	1	loop
154	1382	0.09227221102706414	0.08845571680066365	2.8755212403070867	38.277202072538856	0.269928337394	1	loop
155	0	0.0		3.040545882695264	0.6426202321724711	0.474123665081	0	loop
155	0	0.0		3.040545882695264	0.6426202321724711	0.474123665081	0	loop
156	0	0.0		3.096372150513796	1.1021505376344083	0.401123525755	1	loop
156	0	0.0		3.096372150513796	1.1021505376344083	0.401123525755	1	loop
157	2724	0.08712641596964656	0.07155926548380066	3.1528218611719505	3.992015968063873	0.499658191964	1	loop
157	0	0.0		3.1528218611719505	3.992015968063873	0.499658191964	1	loop
158	0	0.0		3.1164877530375645	14.032137518684607	0.511461830157	1	loop
158	0	0.0		3.1164877530375645	14.032137518684607	0.511461830157	1	loop
159	0	0.0		3.1534155053101083	0.14880952380952378	0.5938689413	1	helix
159	0	0.0		3.1534155053101083	0.14880952380952378	0.5938689413	1	helix
160	2629	0.09222298780099598	0.07590294344809344	3.1569635209155287	0.5076142131979695	0.34715402784000005	0	helix
160	0	0.0		3.1569635209155287	0.5076142131979695	0.34715402784000005	0	helix
161	2824	0.09110486239583995	0.07600119679202152	3.1763095423493204	12.473794549266243	0.24549935358	1	helix
161	0	0.0		3.1763095423493204	12.473794549266243	0.24549935358	1	helix
162	0	0.0		3.160500130939456	1.8601190476190481	0.725621672621	1	helix
162	0	0.0		3.160500130939456	1.8601190476190481	0.725621672621	1	helix
163	5478	0.08408527366068119	0.07378252307915657	3.1562136916727037	0.17361111111111113	0.629752522191	0	helix
163	0	0.0		3.1562136916727037	0.17361111111111113	0.629752522191	0	helix
164	880	0.09016676378774198	0.08514721148339453	3.174471166089505	0.12437810945273632	0.670179699673	0	helix
165	1216	0.09916080334973706	0.09161734892089289	3.174370178327365	12.014200298953664	0.312268834405	1	helix
166	0	0.0		3.109881319557408	0.0	0.583183849401	1	helix
167	0	0.0		3.1277393999845984	0.06944444444444442	0.638939231452	0	helix
168	1125	0.08483996635963581	0.08271902917910824	3.1569092053889465	0.0	0.538484252115	0	helix
169	831	0.02775870567798723	0.06512774229167502	3.058797819949138	8.875186846038865	0.159308158067	1	helix
170	1184	0.0713432594937165	0.0720507960941552	2.885113541401267	8.688630490956074	0.331208603573	0	helix
171	61	0.09952913881056327	0.1142670888957812	2.9228494547154784	3.870967741935484	0.5977526283169999	0	helix
172	393	0.143881581564984	0.14068667406373045	2.9233809626212715	19.92092457420925	0.375859797206	0	loop
173	109	0.21434681652591908	0.16720602958531297	3.0926136233617485	1.1421319796954317	0.386938870927	0	loop
174	0	0.0		3.205564843344685	0.0	0.631227284428	1	strand
175	10	0.5649306732410913	0.09964396296075446	3.255014623781463	0.0	0.76584648847	0	strand
176	0	0.0		3.2634542629188537	0.78125	0.8624548807629999	1	strand
177	206	0.13730113778218012	0.136597682439192	3.2898487625010406	0.0	0.559279528374	0	strand
178	293	0.16447579794864509	0.15038576818038857	3.2217461483645304	14.982728842832472	0.231495728972	1	strand
179	0	0.0		3.2541993724723683	5.439121756487026	0.247407584028	0	strand
180	262	0.16654415823906374	0.14813498351978088	3.0971844575794285	23.030679933665013	0.335666608838	1	strand
181	0	0.0		3.0796647451305965	18.065693430656935	0.355435822128	1	strand
181	404	0.436861745727411	0.0685909157852579	3.0796647451305965	18.065693430656935	0.355435822128	1	strand
182	0	0.0		3.157476747102629	14.903846153846152	0.918141197359	0	loop
182	0	0.0		3.157476747102629	14.903846153846152	0.918141197359	0	loop
183	0	0.0		3.0255949327997382	56.39124293785311	0.208906937716	1	loop
183	276	0.4295601560897489	0.07243573523231552	3.0255949327997382	56.39124293785311	0.208906937716	1	loop
184	0	0.0		3.1221619611769658	2.5	0.8198400879819999	1	loop
184	0	0.0		3.1221619611769658	2.5	0.8198400879819999	1	loop
185	0	0.0		3.1738192802835385	4.274611398963732	0.268471361166	1	helix
185	0	0.0		3.1738192802835385	4.274611398963732	0.268471361166	1	helix
186	0	0.0		3.1122025417164982	0.4650297619047619	0.9687176345	1	helix
186	0	0.0		3.1122025417164982	0.4650297619047619	0.9687176345	1	helix
187	0	0.0		3.190516706145752	1.5811011904761902	1.0	1	helix
187	0	0.0		3.190516706145752	1.5811011904761902	1.0	1	helix
188	0	0.0		3.28089382481436	13.001824817518248	0.385092576166	0	helix
188	0	0.0		3.28089382481436	13.001824817518248	0.385092576166	0	helix
189	0	0.0		3.2167502331916378	0.0	0.434663977957	0	helix
189	8	0.6550159283442297	0.10889432016841223	3.2167502331916378	0.0	0.434663977957	0	helix
190	0	0.0		3.1678478905152403	4.895366218236172	1.0	1	helix
190	0	0.0		3.1678478905152403	4.895366218236172	1.0	1	helix
191	0	0.0		3.2955281425257823	0.0	0.618473366909	0	helix
191	0	0.0		3.2955281425257823	0.0	0.618473366909	0	helix
192	0	0.0		3.308048700539066	0.0	0.29365205812600004	0	helix
192	0	0.0		3.308048700539066	0.0	0.29365205812600004	0	helix
193	0	0.0		3.2055869924611113	0.5034722222222222	0.8443960380869999	0	helix
193	0	0.0		3.2055869924611113	0.5034722222222222	0.8443960380869999	0	helix
194	0	0.0		3.193741847126153	3.1956214689265536	0.993456420623	1	helix
194	0	0.0		3.193741847126153	3.1956214689265536	0.993456420623	1	helix
195	217	0.16788856417513812	0.154019862615045	3.3381324849398517	0.0	0.781038764112	0	helix
195	0	0.0		3.3381324849398517	0.0	0.781038764112	0	helix
196	301	0.14422305365193053	0.1425315767196779	3.233406638581167	0.0	0.5609863381369999	0	helix
196	0	0.0		3.233406638581167	0.0	0.5609863381369999	0	helix
197	0	0.0		3.123904042531437	0.0	0.7629441562289999	0	helix
197	0	0.0		3.123904042531437	0.0	0.7629441562289999	0	helix
198	141	0.10546509398985762	0.11317651434127286	3.107294711727965	18.989463601532567	0.57508659205	1	helix
198	0	0.0		3.107294711727965	18.989463601532567	0.57508659205	1	helix
199	0	0.0		3.2359006256625937	0.0	0.8137549050849999	0	helix
199	0	0.0		3.2359006256625937	0.0	0.8137549050849999	0	helix
200	270	0.0896356196463582	0.11634336914469236	3.0040360410484053	1.6497461928934007	0.663568280913	0	helix
200	0	0.0		3.0040360410484053	1.6497461928934007	0.663568280913	0	helix
201	161	0.4493199880729375	0.06726776522750595	2.845490492521133	34.83880778588807	0.58639730358	1	helix
202	403	0.43545856750851825	0.0660855313067744	2.9020149991670903	26.08370702541106	0.269195977794	1	helix
203	395	0.435904557829919	0.06843404893266562	2.9958050710275224	0.06459948320413436	0.956410901999	0	helix
204	235	0.4316121802016919	0.06606717035816863	2.692415121926824	16.13372093023256	0.401709304682	0	loop
205	181	0.44344701610624226	0.07593466999524319	2.531272257822509	14.112903225806456	0.300711523786	0	loop
206	398	0.4360460530792171	0.0661996152444544	2.265638409699488	81.02725366876311	0.453552710338	0	loop
207	84	0.47857125740033846	0.07184473812284806	2.401775411126893	19.123931623931615	0.130733848648	1	loop
208	246	0.4398995816376136	0.0799922959088555	2.1231718753583397	34.89583333333332	0.0738328642811	0	loop
209	350	0.4380496506894866	0.06356268164271855	2.0188893347160217	65.91569767441861	0.169866306726	1	loop
210	93	0.4467779823625459	0.07689586573151865	2.058885389331913	55.235042735042725	0.474755029316	0	loop
211	215	0.435989666412844	0.07770282151306039	2.252222847228788	9.132124352331607	0.138449492113	1	loop
